1729090904503 0.0342 0
1729090907531 0.05254 1
1729090911235 0.07873 2
1729090915158 0.0759 3
1729090919050 0.07489 4
1729090922003 0.08625 5
1729090925329 0.09505 6
1729090929243 0.10222 7
1729090932722 0.08049 8
1729090935843 0.09698 9
1729090938486 0.08233 10
1729090941644 0.07528 11
1729090944273 0.06707 12
1729090947274 0.06257 13
1729090949895 0.09539 14
1729090952926 0.08043 15
1729090955966 0.09789 16
1729090959387 0.29452 17
1729090962367 0.39884 18
1729090965876 0.34185 19
1729090968730 0.34688 20
1729090971747 0.39051 21
1729090975186 0.47901 22
1729090978601 0.54164 23
1729090982429 0.56532 24
1729090985795 0.54817 25
1729090988836 0.54014 26
1729090991461 0.54928 27
1729090994518 0.55167 28
1729090997938 0.60003 29
1729091001349 0.63795 30
1729091004836 0.66423 31
1729091008703 0.6966 32
1729091012179 0.71211 33
1729091016036 0.71803 34
1729091019901 0.72222 35
1729091023724 0.73307 36
1729091026603 0.74262 37
1729091029526 0.75135 38
1729091032532 0.75242 39
1729091037370 0.74817 40
1729091040125 0.74536 41
1729091042742 0.7441 42
1729091045812 0.75148 43
1729091049178 0.75875 44
1729091052955 0.76097 45
1729091057089 0.76347 46
1729091060031 0.76753 47
1729091063850 0.76519 48
1729091067350 0.76492 49
1729091074176 0.7651476270711333 49
