1729090904503 0.01589 0
1729090907531 0.02544 1
1729090911235 0.02879 2
1729090915158 0.03026 3
1729090919050 0.03135 4
1729090922003 0.03852 5
1729090925329 0.04356 6
1729090929243 0.04308 7
1729090932722 0.03636 8
1729090935843 0.04352 9
1729090938486 0.03594 10
1729090941644 0.03266 11
1729090944273 0.02907 12
1729090947274 0.0283 13
1729090949895 0.0413 14
1729090952926 0.03584 15
1729090955966 0.0424 16
1729090959387 0.14438 17
1729090962367 0.20091 18
1729090965876 0.16537 19
1729090968730 0.17377 20
1729090971747 0.19778 21
1729090975186 0.25002 22
1729090978601 0.27873 23
1729090982429 0.29557 24
1729090985795 0.2954 25
1729090988836 0.29173 26
1729090991461 0.28846 27
1729090994518 0.2877 28
1729090997938 0.31316 29
1729091001349 0.32901 30
1729091004836 0.34487 31
1729091008703 0.36423 32
1729091012179 0.37606 33
1729091016036 0.38042 34
1729091019901 0.39004 35
1729091023724 0.40841 36
1729091026603 0.40106 37
1729091029526 0.39153 38
1729091032532 0.39375 39
1729091037370 0.39691 40
1729091040125 0.39637 41
1729091042742 0.3955 42
1729091045812 0.40208 43
1729091049178 0.40711 44
1729091052955 0.40869 45
1729091057089 0.4085 46
1729091060031 0.41187 47
1729091063850 0.41352 48
1729091067350 0.41177 49
1729091074176 0.41350505003852167 49
