1729090904503 0.04167 0
1729090907531 0.06146 1
1729090911235 0.0675 2
1729090915158 0.07062 3
1729090919050 0.07125 4
1729090922003 0.0725 5
1729090925329 0.07375 6
1729090929243 0.07604 7
1729090932722 0.07021 8
1729090935843 0.07375 9
1729090938486 0.0725 10
1729090941644 0.06854 11
1729090944273 0.06479 12
1729090947274 0.06625 13
1729090949895 0.07354 14
1729090952926 0.06792 15
1729090955966 0.07083 16
1729090959387 0.06542 17
1729090962367 0.06896 18
1729090965876 0.06375 19
1729090968730 0.05646 20
1729090971747 0.055 21
1729090975186 0.05875 22
1729090978601 0.06445 23
1729090982429 0.89941 24
1729090985795 0.93338 25
1729090988836 0.90226 26
1729090991461 0.87467 27
1729090994518 0.8312 28
1729090997938 0.80603 29
1729091001349 0.79884 30
1729091004836 0.80094 31
1729091008703 0.84392 32
1729091012179 0.84922 33
1729091016036 0.83041 34
1729091019901 0.7892 35
1729091023724 0.76671 36
1729091026603 0.74822 37
1729091029526 0.76018 38
1729091032532 0.75554 39
1729091037370 0.74048 40
1729091040125 0.74011 41
1729091042742 0.72999 42
1729091045812 0.72372 43
1729091049178 0.72206 44
1729091052955 0.7098 45
1729091057089 0.70323 46
1729091060031 0.70382 47
1729091063850 0.71043 48
1729091067350 0.74177 49
1729091074176 0.7124942655490287 49
