1729090904503 0.45558 0
1729090907531 0.67198 1
1729090911235 0.73804 2
1729090915158 0.77221 3
1729090919050 0.77904 4
1729090922003 0.79271 5
1729090925329 0.80638 6
1729090929243 0.83144 7
1729090932722 0.76765 8
1729090935843 0.80638 9
1729090938486 0.79271 10
1729090941644 0.74943 11
1729090944273 0.70843 12
1729090947274 0.72437 13
1729090949895 0.8041 14
1729090952926 0.7426 15
1729090955966 0.77449 16
1729090959387 0.71526 17
1729090962367 0.75399 18
1729090965876 0.69704 19
1729090968730 0.61731 20
1729090971747 0.60137 21
1729090975186 0.64237 22
1729090978601 0.69932 23
1729090982429 0.32589 24
1729090985795 0.2234 25
1729090988836 0.28474 26
1729090991461 0.38152 27
1729090994518 0.42623 28
1729090997938 0.50168 29
1729091001349 0.54275 30
1729091004836 0.54075 31
1729091008703 0.5296 32
1729091012179 0.5467 33
1729091016036 0.5877 34
1729091019901 0.62254 35
1729091023724 0.64009 36
1729091026603 0.68369 37
1729091029526 0.68596 38
1729091032532 0.68994 39
1729091037370 0.69704 40
1729091040125 0.69409 41
1729091042742 0.69021 42
1729091045812 0.70387 43
1729091049178 0.70387 44
1729091052955 0.71754 45
1729091057089 0.7125 46
1729091060031 0.71754 47
1729091063850 0.71071 48
1729091067350 0.69359 49
1729091074176 0.7107061503416856 49
