1729091210782 0.0342 0
1729091354640 0.05254 1
1729091358142 0.07873 2
1729091362047 0.0759 3
1729091365916 0.07489 4
1729091369768 0.08625 5
1729091373571 0.09505 6
1729091376528 0.10222 7
1729091380032 0.08049 8
1729091383086 0.09698 9
1729091385717 0.08233 10
1729091388649 0.07528 11
1729091391675 0.06707 12
1729091394521 0.06257 13
1729091397558 0.09539 14
1729091400569 0.08043 15
1729091403621 0.09789 16
1729091407003 0.29452 17
1729091410805 0.39884 18
1729091414290 0.34185 19
1729091416913 0.34688 20
1729091419941 0.39051 21
1729091423412 0.47901 22
1729091427180 0.54164 23
1729091430381 0.56532 24
1729091432975 0.54817 25
1729091436011 0.54014 26
1729091439025 0.54928 27
1729091442148 0.55167 28
1729091445567 0.60003 29
1729091448944 0.63795 30
1729091452202 0.66423 31
1729091455407 0.6966 32
1729091459216 0.71211 33
1729091463037 0.71803 34
1729091466881 0.72222 35
1729091469836 0.73307 36
1729091473326 0.74262 37
1729091476357 0.75135 38
1729091478934 0.75242 39
1729091484538 0.74817 40
1729091487795 0.74536 41
1729091490877 0.7441 42
1729091493440 0.75148 43
1729091496412 0.75875 44
1729091500256 0.76097 45
1729091504044 0.76347 46
1729091507001 0.76753 47
1729091510839 0.76519 48
1729091514302 0.76492 49
1729091520869 0.7651476270711333 49
