1729091210782 0.01589 0
1729091354640 0.02544 1
1729091358142 0.02879 2
1729091362047 0.03026 3
1729091365916 0.03135 4
1729091369768 0.03852 5
1729091373571 0.04356 6
1729091376528 0.04308 7
1729091380032 0.03636 8
1729091383086 0.04352 9
1729091385717 0.03594 10
1729091388649 0.03266 11
1729091391675 0.02907 12
1729091394521 0.0283 13
1729091397558 0.0413 14
1729091400569 0.03584 15
1729091403621 0.0424 16
1729091407003 0.14438 17
1729091410805 0.20091 18
1729091414290 0.16537 19
1729091416913 0.17377 20
1729091419941 0.19778 21
1729091423412 0.25002 22
1729091427180 0.27873 23
1729091430381 0.29557 24
1729091432975 0.2954 25
1729091436011 0.29173 26
1729091439025 0.28846 27
1729091442148 0.2877 28
1729091445567 0.31316 29
1729091448944 0.32901 30
1729091452202 0.34487 31
1729091455407 0.36423 32
1729091459216 0.37606 33
1729091463037 0.38042 34
1729091466881 0.39004 35
1729091469836 0.40841 36
1729091473326 0.40106 37
1729091476357 0.39153 38
1729091478934 0.39375 39
1729091484538 0.39691 40
1729091487795 0.39637 41
1729091490877 0.3955 42
1729091493440 0.40208 43
1729091496412 0.40711 44
1729091500256 0.40869 45
1729091504044 0.4085 46
1729091507001 0.41187 47
1729091510839 0.41352 48
1729091514302 0.41177 49
1729091520869 0.41350505003852167 49
