1729091210782 0.04167 0
1729091354640 0.06146 1
1729091358142 0.0675 2
1729091362047 0.07062 3
1729091365916 0.07125 4
1729091369768 0.0725 5
1729091373571 0.07375 6
1729091376528 0.07604 7
1729091380032 0.07021 8
1729091383086 0.07375 9
1729091385717 0.0725 10
1729091388649 0.06854 11
1729091391675 0.06479 12
1729091394521 0.06625 13
1729091397558 0.07354 14
1729091400569 0.06792 15
1729091403621 0.07083 16
1729091407003 0.06542 17
1729091410805 0.06896 18
1729091414290 0.06375 19
1729091416913 0.05646 20
1729091419941 0.055 21
1729091423412 0.05875 22
1729091427180 0.06445 23
1729091430381 0.89941 24
1729091432975 0.93338 25
1729091436011 0.90226 26
1729091439025 0.87467 27
1729091442148 0.8312 28
1729091445567 0.80603 29
1729091448944 0.79884 30
1729091452202 0.80094 31
1729091455407 0.84392 32
1729091459216 0.84922 33
1729091463037 0.83041 34
1729091466881 0.7892 35
1729091469836 0.76671 36
1729091473326 0.74822 37
1729091476357 0.76018 38
1729091478934 0.75554 39
1729091484538 0.74048 40
1729091487795 0.74011 41
1729091490877 0.72999 42
1729091493440 0.72372 43
1729091496412 0.72206 44
1729091500256 0.7098 45
1729091504044 0.70323 46
1729091507001 0.70382 47
1729091510839 0.71043 48
1729091514302 0.74177 49
1729091520869 0.7124942655490287 49
