1729091210782 0.45558 0
1729091354640 0.67198 1
1729091358142 0.73804 2
1729091362047 0.77221 3
1729091365916 0.77904 4
1729091369768 0.79271 5
1729091373571 0.80638 6
1729091376528 0.83144 7
1729091380032 0.76765 8
1729091383086 0.80638 9
1729091385717 0.79271 10
1729091388649 0.74943 11
1729091391675 0.70843 12
1729091394521 0.72437 13
1729091397558 0.8041 14
1729091400569 0.7426 15
1729091403621 0.77449 16
1729091407003 0.71526 17
1729091410805 0.75399 18
1729091414290 0.69704 19
1729091416913 0.61731 20
1729091419941 0.60137 21
1729091423412 0.64237 22
1729091427180 0.69932 23
1729091430381 0.32589 24
1729091432975 0.2234 25
1729091436011 0.28474 26
1729091439025 0.38152 27
1729091442148 0.42623 28
1729091445567 0.50168 29
1729091448944 0.54275 30
1729091452202 0.54075 31
1729091455407 0.5296 32
1729091459216 0.5467 33
1729091463037 0.5877 34
1729091466881 0.62254 35
1729091469836 0.64009 36
1729091473326 0.68369 37
1729091476357 0.68596 38
1729091478934 0.68994 39
1729091484538 0.69704 40
1729091487795 0.69409 41
1729091490877 0.69021 42
1729091493440 0.70387 43
1729091496412 0.70387 44
1729091500256 0.71754 45
1729091504044 0.7125 46
1729091507001 0.71754 47
1729091510839 0.71071 48
1729091514302 0.69359 49
1729091520869 0.7107061503416856 49
