1729091614574 1.8246 0
1729091717805 1.66186 1
1729091721739 1.4543 2
1729091724742 1.57335 3
1729091727636 1.74065 4
1729091730883 1.63064 5
1729091735459 1.53244 6
1729091738379 1.44387 7
1729091742453 1.33301 8
1729091745047 1.37981 9
1729091748072 1.23889 10
1729091750718 1.30524 11
1729091754273 1.27593 12
1729091756882 1.30012 13
1729091760337 1.2624 14
1729091762976 1.35413 15
1729091766394 1.2747 16
1729091769454 1.39989 17
1729091772435 1.25986 18
1729091777125 1.31213 19
1729091779709 1.24922 20
1729091782745 1.25502 21
1729091785318 1.21955 22
1729091789636 1.25125 23
1729091792576 1.28686 24
1729091797355 1.22044 25
1729091800009 1.19371 26
1729091802628 1.24357 27
1729091805706 1.10694 28
1729091808388 1.14821 29
1729091812435 1.22457 30
1729091815428 1.23707 31
1729091820164 1.34475 32
1729091823116 1.26661 33
1729091827344 1.17821 34
1729091830336 1.24309 35
1729091835155 1.19936 36
1729091838190 1.32884 37
1729091841236 0.97168 38
1729091843875 1.09781 39
1729091849083 1.14732 40
1729091852389 1.07903 41
1729091855529 1.05043 42
1729091858115 1.14918 43
1729091860692 1.36228 44
1729091864875 1.02714 45
1729091868635 0.99205 46
1729091871497 0.96129 47
1729091875874 0.98125 48
1729091878813 0.90553 49
