1729091614574 3.58943 0
1729091717805 3.37104 1
1729091721739 2.50165 2
1729091724742 1.41533 3
1729091727636 1.22392 4
1729091730883 1.09453 5
1729091735459 1.13538 6
1729091738379 1.07863 7
1729091742453 0.93398 8
1729091745047 0.89863 9
1729091748072 0.95983 10
1729091750718 0.88811 11
1729091754273 0.94721 12
1729091756882 0.8922 13
1729091760337 0.82445 14
1729091762976 0.86775 15
1729091766394 0.88003 16
1729091769454 0.8623 17
1729091772435 0.8275 18
1729091777125 0.8814 19
1729091779709 0.82005 20
1729091782745 0.78712 21
1729091785318 0.84039 22
1729091789636 0.76776 23
1729091792576 0.79005 24
1729091797355 0.81354 25
1729091800009 0.72885 26
1729091802628 0.89568 27
1729091805706 0.86195 28
1729091808388 0.72164 29
1729091812435 0.79168 30
1729091815428 0.73703 31
1729091820164 0.77664 32
1729091823116 0.81215 33
1729091827344 0.79838 34
1729091830336 0.72169 35
1729091835155 0.74186 36
1729091838190 0.73453 37
1729091841236 0.80612 38
1729091843875 0.66961 39
1729091849083 0.70075 40
1729091852389 0.88344 41
1729091855529 0.67194 42
1729091858115 0.78954 43
1729091860692 0.75527 44
1729091864875 0.61711 45
1729091868635 0.68827 46
1729091871497 0.57827 47
1729091875874 0.57244 48
1729091878813 0.87393 49
