1729091614574 1.22778 0
1729091717805 1.17457 1
1729091721739 1.01921 2
1729091724742 0.97416 3
1729091727636 1.03867 4
1729091730883 0.99046 5
1729091735459 1.05118 6
1729091738379 0.95971 7
1729091742453 0.95077 8
1729091745047 0.9683 9
1729091748072 0.98459 10
1729091750718 0.95128 11
1729091754273 0.96844 12
1729091756882 0.9994 13
1729091760337 0.93402 14
1729091762976 0.94937 15
1729091766394 0.93133 16
1729091769454 1.00223 17
1729091772435 0.94842 18
1729091777125 0.9212 19
1729091779709 0.9274 20
1729091782745 0.95494 21
1729091785318 0.99392 22
1729091789636 0.93824 23
1729091792576 0.94241 24
1729091797355 0.91445 25
1729091800009 0.92905 26
1729091802628 0.96244 27
1729091805706 0.91518 28
1729091808388 0.9071 29
1729091812435 0.98095 30
1729091815428 0.93693 31
1729091820164 0.91559 32
1729091823116 1.01956 33
1729091827344 1.01582 34
1729091830336 0.92846 35
1729091835155 0.9196 36
1729091838190 0.98103 37
1729091841236 0.90213 38
1729091843875 0.91404 39
1729091849083 0.95459 40
1729091852389 0.98726 41
1729091855529 0.94616 42
1729091858115 0.91305 43
1729091860692 0.9913 44
1729091864875 0.90921 45
1729091868635 0.94906 46
1729091871497 0.86985 47
1729091875874 0.89728 48
1729091878813 0.8776 49
