1729091615769 0.01589 0
1729091719111 0.02544 1
1729091723033 0.02879 2
1729091726018 0.03026 3
1729091729237 0.03135 4
1729091733071 0.03852 5
1729091736720 0.04356 6
1729091739949 0.04308 7
1729091743390 0.03636 8
1729091745987 0.04352 9
1729091749048 0.03594 10
1729091752183 0.03266 11
1729091755257 0.02907 12
1729091758248 0.0283 13
1729091761360 0.0413 14
1729091764352 0.03584 15
1729091767358 0.0424 16
1729091770789 0.14438 17
1729091774658 0.20091 18
1729091778067 0.16537 19
1729091780686 0.17377 20
1729091783720 0.19778 21
1729091787073 0.25002 22
1729091790938 0.27873 23
1729091794814 0.29557 24
1729091798323 0.2954 25
1729091800959 0.29173 26
1729091803589 0.28846 27
1729091806700 0.2877 28
1729091810213 0.31316 29
1729091813785 0.32901 30
1729091817630 0.34487 31
1729091821481 0.36423 32
1729091824814 0.37606 33
1729091828663 0.38042 34
1729091832613 0.39004 35
1729091836523 0.40841 36
1729091839173 0.40106 37
1729091842228 0.39153 38
1729091844845 0.39375 39
1729091850166 0.39691 40
1729091853406 0.39637 41
1729091856505 0.3955 42
1729091859081 0.40208 43
1729091862378 0.40711 44
1729091866150 0.40869 45
1729091869904 0.4085 46
1729091873715 0.41187 47
1729091877197 0.41352 48
1729091879828 0.41177 49
1729091886073 0.41350505003852167 49
