1729091615769 0.0342 0
1729091719111 0.05254 1
1729091723033 0.07873 2
1729091726018 0.0759 3
1729091729237 0.07489 4
1729091733071 0.08625 5
1729091736720 0.09505 6
1729091739949 0.10222 7
1729091743390 0.08049 8
1729091745987 0.09698 9
1729091749048 0.08233 10
1729091752183 0.07528 11
1729091755257 0.06707 12
1729091758248 0.06257 13
1729091761360 0.09539 14
1729091764352 0.08043 15
1729091767358 0.09789 16
1729091770789 0.29452 17
1729091774658 0.39884 18
1729091778067 0.34185 19
1729091780686 0.34688 20
1729091783720 0.39051 21
1729091787073 0.47901 22
1729091790938 0.54164 23
1729091794814 0.56532 24
1729091798323 0.54817 25
1729091800959 0.54014 26
1729091803589 0.54928 27
1729091806700 0.55167 28
1729091810213 0.60003 29
1729091813785 0.63795 30
1729091817630 0.66423 31
1729091821481 0.6966 32
1729091824814 0.71211 33
1729091828663 0.71803 34
1729091832613 0.72222 35
1729091836523 0.73307 36
1729091839173 0.74262 37
1729091842228 0.75135 38
1729091844845 0.75242 39
1729091850166 0.74817 40
1729091853406 0.74536 41
1729091856505 0.7441 42
1729091859081 0.75148 43
1729091862378 0.75875 44
1729091866150 0.76097 45
1729091869904 0.76347 46
1729091873715 0.76753 47
1729091877197 0.76519 48
1729091879828 0.76492 49
1729091886073 0.7651476270711333 49
