1729091615769 0.04167 0
1729091719111 0.06146 1
1729091723033 0.0675 2
1729091726018 0.07062 3
1729091729237 0.07125 4
1729091733071 0.0725 5
1729091736720 0.07375 6
1729091739949 0.07604 7
1729091743390 0.07021 8
1729091745987 0.07375 9
1729091749048 0.0725 10
1729091752183 0.06854 11
1729091755257 0.06479 12
1729091758248 0.06625 13
1729091761360 0.07354 14
1729091764352 0.06792 15
1729091767358 0.07083 16
1729091770789 0.06542 17
1729091774658 0.06896 18
1729091778067 0.06375 19
1729091780686 0.05646 20
1729091783720 0.055 21
1729091787073 0.05875 22
1729091790938 0.06445 23
1729091794814 0.89941 24
1729091798323 0.93338 25
1729091800959 0.90226 26
1729091803589 0.87467 27
1729091806700 0.8312 28
1729091810213 0.80603 29
1729091813785 0.79884 30
1729091817630 0.80094 31
1729091821481 0.84392 32
1729091824814 0.84922 33
1729091828663 0.83041 34
1729091832613 0.7892 35
1729091836523 0.76671 36
1729091839173 0.74822 37
1729091842228 0.76018 38
1729091844845 0.75554 39
1729091850166 0.74048 40
1729091853406 0.74011 41
1729091856505 0.72999 42
1729091859081 0.72372 43
1729091862378 0.72206 44
1729091866150 0.7098 45
1729091869904 0.70323 46
1729091873715 0.70382 47
1729091877197 0.71043 48
1729091879828 0.74177 49
1729091886073 0.7124942655490287 49
