1729091615769 0.45558 0
1729091719111 0.67198 1
1729091723033 0.73804 2
1729091726018 0.77221 3
1729091729237 0.77904 4
1729091733071 0.79271 5
1729091736720 0.80638 6
1729091739949 0.83144 7
1729091743390 0.76765 8
1729091745987 0.80638 9
1729091749048 0.79271 10
1729091752183 0.74943 11
1729091755257 0.70843 12
1729091758248 0.72437 13
1729091761360 0.8041 14
1729091764352 0.7426 15
1729091767358 0.77449 16
1729091770789 0.71526 17
1729091774658 0.75399 18
1729091778067 0.69704 19
1729091780686 0.61731 20
1729091783720 0.60137 21
1729091787073 0.64237 22
1729091790938 0.69932 23
1729091794814 0.32589 24
1729091798323 0.2234 25
1729091800959 0.28474 26
1729091803589 0.38152 27
1729091806700 0.42623 28
1729091810213 0.50168 29
1729091813785 0.54275 30
1729091817630 0.54075 31
1729091821481 0.5296 32
1729091824814 0.5467 33
1729091828663 0.5877 34
1729091832613 0.62254 35
1729091836523 0.64009 36
1729091839173 0.68369 37
1729091842228 0.68596 38
1729091844845 0.68994 39
1729091850166 0.69704 40
1729091853406 0.69409 41
1729091856505 0.69021 42
1729091859081 0.70387 43
1729091862378 0.70387 44
1729091866150 0.71754 45
1729091869904 0.7125 46
1729091873715 0.71754 47
1729091877197 0.71071 48
1729091879828 0.69359 49
1729091886073 0.7107061503416856 49
