1729091614574 6.000000000000001e-05 0
1729091717805 0.000137228 1
1729091721739 0.000211288 2
1729091724742 0.00028218 3
1729091727636 0.000349904 4
1729091730883 0.00041446 5
1729091735459 0.00047584799999999996 6
1729091738379 0.0005340680000000001 7
1729091742453 0.00058912 8
1729091745047 0.0006410040000000001 9
1729091748072 0.0006897200000000001 10
1729091750718 0.0007352680000000001 11
1729091754273 0.000777648 12
1729091756882 0.0008168600000000001 13
1729091760337 0.000852904 14
1729091762976 0.00088578 15
1729091766394 0.0009154879999999999 16
1729091769454 0.0009420279999999998 17
1729091772435 0.0009654000000000002 18
1729091777125 0.000985604 19
1729091779709 0.0010026400000000002 20
1729091782745 0.0010165080000000002 21
1729091785318 0.0010272080000000002 22
1729091789636 0.0010347400000000001 23
1729091792576 0.0010391040000000001 24
1729091797355 0.00101 25
1729091800009 0.0009704 26
1729091802628 0.0009308 27
1729091805706 0.0008911999999999999 28
1729091808388 0.0008516000000000001 29
1729091812435 0.0008120000000000001 30
1729091815428 0.0007724 31
1729091820164 0.0007328 32
1729091823116 0.0006931999999999999 33
1729091827344 0.0006536 34
1729091830336 0.0006140000000000001 35
1729091835155 0.0005744000000000001 36
1729091838190 0.0005348000000000001 37
1729091841236 0.0004952 38
1729091843875 0.00045559999999999996 39
1729091849083 0.0004159999999999999 40
1729091852389 0.00037640000000000015 41
1729091855529 0.0003368000000000001 42
1729091858115 0.0002972 43
1729091860692 0.00025760000000000003 44
1729091864875 0.00021799999999999996 45
1729091868635 0.00017839999999999992 46
1729091871497 0.0001388000000000001 47
1729091875874 9.920000000000008e-05 48
1729091878813 5.9600000000000046e-05 49
