1729090901674 1.8246 0
1729090906213 1.66186 1
1729090909897 1.4543 2
1729090913875 1.57335 3
1729090917748 1.74065 4
1729090920730 1.63064 5
1729090923649 1.53244 6
1729090927922 1.44387 7
1729090930877 1.33301 8
1729090934891 1.37981 9
1729090937502 1.23889 10
1729090940626 1.30524 11
1729090943300 1.27593 12
1729090946341 1.30012 13
1729090948926 1.2624 14
1729090951986 1.35413 15
1729090954565 1.2747 16
1729090958067 1.39989 17
1729090961067 1.25986 18
1729090964929 1.31213 19
1729090967528 1.24922 20
1729090970379 1.25502 21
1729090973835 1.21955 22
1729090976875 1.25125 23
1729090981143 1.28686 24
1729090984080 1.22044 25
1729090987899 1.19371 26
1729090990503 1.24357 27
1729090993536 1.10694 28
1729090996178 1.14821 29
1729091000061 1.22457 30
1729091003018 1.23707 31
1729091007402 1.34475 32
1729091010346 1.26661 33
1729091014770 1.17821 34
1729091017708 1.24309 35
1729091022437 1.19936 36
1729091025443 1.32884 37
1729091028276 0.97168 38
1729091031588 1.09781 39
1729091036313 1.14732 40
1729091039154 1.07903 41
1729091041781 1.05043 42
1729091044375 1.14918 43
1729091047863 1.36228 44
1729091051697 1.02714 45
1729091054580 0.99205 46
1729091058716 0.96129 47
1729091062556 0.98125 48
1729091065481 0.90553 49
