1729090901674 3.58943 0
1729090906213 3.37104 1
1729090909897 2.50165 2
1729090913875 1.41533 3
1729090917748 1.22392 4
1729090920730 1.09453 5
1729090923649 1.13538 6
1729090927922 1.07863 7
1729090930877 0.93398 8
1729090934891 0.89863 9
1729090937502 0.95983 10
1729090940626 0.88811 11
1729090943300 0.94721 12
1729090946341 0.8922 13
1729090948926 0.82445 14
1729090951986 0.86775 15
1729090954565 0.88003 16
1729090958067 0.8623 17
1729090961067 0.8275 18
1729090964929 0.8814 19
1729090967528 0.82005 20
1729090970379 0.78712 21
1729090973835 0.84039 22
1729090976875 0.76776 23
1729090981143 0.79005 24
1729090984080 0.81354 25
1729090987899 0.72885 26
1729090990503 0.89568 27
1729090993536 0.86195 28
1729090996178 0.72164 29
1729091000061 0.79168 30
1729091003018 0.73703 31
1729091007402 0.77664 32
1729091010346 0.81215 33
1729091014770 0.79838 34
1729091017708 0.72169 35
1729091022437 0.74186 36
1729091025443 0.73453 37
1729091028276 0.80612 38
1729091031588 0.66961 39
1729091036313 0.70075 40
1729091039154 0.88344 41
1729091041781 0.67194 42
1729091044375 0.78954 43
1729091047863 0.75527 44
1729091051697 0.61711 45
1729091054580 0.68827 46
1729091058716 0.57827 47
1729091062556 0.57244 48
1729091065481 0.87393 49
