1729090901674 1.22778 0
1729090906213 1.17457 1
1729090909897 1.01921 2
1729090913875 0.97416 3
1729090917748 1.03867 4
1729090920730 0.99046 5
1729090923649 1.05118 6
1729090927922 0.95971 7
1729090930877 0.95077 8
1729090934891 0.9683 9
1729090937502 0.98459 10
1729090940626 0.95128 11
1729090943300 0.96844 12
1729090946341 0.9994 13
1729090948926 0.93402 14
1729090951986 0.94937 15
1729090954565 0.93133 16
1729090958067 1.00223 17
1729090961067 0.94842 18
1729090964929 0.9212 19
1729090967528 0.9274 20
1729090970379 0.95494 21
1729090973835 0.99392 22
1729090976875 0.93824 23
1729090981143 0.94241 24
1729090984080 0.91445 25
1729090987899 0.92905 26
1729090990503 0.96244 27
1729090993536 0.91518 28
1729090996178 0.9071 29
1729091000061 0.98095 30
1729091003018 0.93693 31
1729091007402 0.91559 32
1729091010346 1.01956 33
1729091014770 1.01582 34
1729091017708 0.92846 35
1729091022437 0.9196 36
1729091025443 0.98103 37
1729091028276 0.90213 38
1729091031588 0.91404 39
1729091036313 0.95459 40
1729091039154 0.98726 41
1729091041781 0.94616 42
1729091044375 0.91305 43
1729091047863 0.9913 44
1729091051697 0.90921 45
1729091054580 0.94906 46
1729091058716 0.86985 47
1729091062556 0.89728 48
1729091065481 0.8776 49
