1729091209611 6.000000000000001e-05 0
1729091352892 0.000137228 1
1729091356405 0.000211288 2
1729091360749 0.00028218 3
1729091364580 0.000349904 4
1729091367570 0.00041446 5
1729091372286 0.00047584799999999996 6
1729091375211 0.0005340680000000001 7
1729091378162 0.00058912 8
1729091382116 0.0006410040000000001 9
1729091384717 0.0006897200000000001 10
1729091387444 0.0007352680000000001 11
1729091390731 0.000777648 12
1729091393300 0.0008168600000000001 13
1729091396577 0.000852904 14
1729091399177 0.00088578 15
1729091402653 0.0009154879999999999 16
1729091405712 0.0009420279999999998 17
1729091408608 0.0009654000000000002 18
1729091413310 0.000985604 19
1729091415953 0.0010026400000000002 20
1729091418952 0.0010165080000000002 21
1729091422057 0.0010272080000000002 22
1729091425333 0.0010347400000000001 23
1729091428801 0.0010391040000000001 24
1729091431990 0.00101 25
1729091435057 0.0009704 26
1729091437637 0.0009308 27
1729091441103 0.0008911999999999999 28
1729091444246 0.0008516000000000001 29
1729091447174 0.0008120000000000001 30
1729091450565 0.0007724 31
1729091453818 0.0007328 32
1729091457926 0.0006931999999999999 33
1729091460852 0.0006536 34
1729091465577 0.0006140000000000001 35
1729091468530 0.0005744000000000001 36
1729091472376 0.0005348000000000001 37
1729091474982 0.0004952 38
1729091477981 0.00045559999999999996 39
1729091483371 0.0004159999999999999 40
1729091486366 0.00037640000000000015 41
1729091489896 0.0003368000000000001 42
1729091492487 0.0002972 43
1729091495074 0.00025760000000000003 44
1729091498937 0.00021799999999999996 45
1729091502754 0.00017839999999999992 46
1729091505634 0.0001388000000000001 47
1729091509521 9.920000000000008e-05 48
1729091512424 5.9600000000000046e-05 49
