1729091209611 1.8246 0
1729091352892 1.66186 1
1729091356405 1.4543 2
1729091360749 1.57335 3
1729091364580 1.74065 4
1729091367570 1.63064 5
1729091372286 1.53244 6
1729091375211 1.44387 7
1729091378162 1.33301 8
1729091382116 1.37981 9
1729091384717 1.23889 10
1729091387444 1.30524 11
1729091390731 1.27593 12
1729091393300 1.30012 13
1729091396577 1.2624 14
1729091399177 1.35413 15
1729091402653 1.2747 16
1729091405712 1.39989 17
1729091408608 1.25986 18
1729091413310 1.31213 19
1729091415953 1.24922 20
1729091418952 1.25502 21
1729091422057 1.21955 22
1729091425333 1.25125 23
1729091428801 1.28686 24
1729091431990 1.22044 25
1729091435057 1.19371 26
1729091437637 1.24357 27
1729091441103 1.10694 28
1729091444246 1.14821 29
1729091447174 1.22457 30
1729091450565 1.23707 31
1729091453818 1.34475 32
1729091457926 1.26661 33
1729091460852 1.17821 34
1729091465577 1.24309 35
1729091468530 1.19936 36
1729091472376 1.32884 37
1729091474982 0.97168 38
1729091477981 1.09781 39
1729091483371 1.14732 40
1729091486366 1.07903 41
1729091489896 1.05043 42
1729091492487 1.14918 43
1729091495074 1.36228 44
1729091498937 1.02714 45
1729091502754 0.99205 46
1729091505634 0.96129 47
1729091509521 0.98125 48
1729091512424 0.90553 49
