1729091209611 3.58943 0
1729091352892 3.37104 1
1729091356405 2.50165 2
1729091360749 1.41533 3
1729091364580 1.22392 4
1729091367570 1.09453 5
1729091372286 1.13538 6
1729091375211 1.07863 7
1729091378162 0.93398 8
1729091382116 0.89863 9
1729091384717 0.95983 10
1729091387444 0.88811 11
1729091390731 0.94721 12
1729091393300 0.8922 13
1729091396577 0.82445 14
1729091399177 0.86775 15
1729091402653 0.88003 16
1729091405712 0.8623 17
1729091408608 0.8275 18
1729091413310 0.8814 19
1729091415953 0.82005 20
1729091418952 0.78712 21
1729091422057 0.84039 22
1729091425333 0.76776 23
1729091428801 0.79005 24
1729091431990 0.81354 25
1729091435057 0.72885 26
1729091437637 0.89568 27
1729091441103 0.86195 28
1729091444246 0.72164 29
1729091447174 0.79168 30
1729091450565 0.73703 31
1729091453818 0.77664 32
1729091457926 0.81215 33
1729091460852 0.79838 34
1729091465577 0.72169 35
1729091468530 0.74186 36
1729091472376 0.73453 37
1729091474982 0.80612 38
1729091477981 0.66961 39
1729091483371 0.70075 40
1729091486366 0.88344 41
1729091489896 0.67194 42
1729091492487 0.78954 43
1729091495074 0.75527 44
1729091498937 0.61711 45
1729091502754 0.68827 46
1729091505634 0.57827 47
1729091509521 0.57244 48
1729091512424 0.87393 49
