1729091209611 1.22778 0
1729091352892 1.17457 1
1729091356405 1.01921 2
1729091360749 0.97416 3
1729091364580 1.03867 4
1729091367570 0.99046 5
1729091372286 1.05118 6
1729091375211 0.95971 7
1729091378162 0.95077 8
1729091382116 0.9683 9
1729091384717 0.98459 10
1729091387444 0.95128 11
1729091390731 0.96844 12
1729091393300 0.9994 13
1729091396577 0.93402 14
1729091399177 0.94937 15
1729091402653 0.93133 16
1729091405712 1.00223 17
1729091408608 0.94842 18
1729091413310 0.9212 19
1729091415953 0.9274 20
1729091418952 0.95494 21
1729091422057 0.99392 22
1729091425333 0.93824 23
1729091428801 0.94241 24
1729091431990 0.91445 25
1729091435057 0.92905 26
1729091437637 0.96244 27
1729091441103 0.91518 28
1729091444246 0.9071 29
1729091447174 0.98095 30
1729091450565 0.93693 31
1729091453818 0.91559 32
1729091457926 1.01956 33
1729091460852 1.01582 34
1729091465577 0.92846 35
1729091468530 0.9196 36
1729091472376 0.98103 37
1729091474982 0.90213 38
1729091477981 0.91404 39
1729091483371 0.95459 40
1729091486366 0.98726 41
1729091489896 0.94616 42
1729091492487 0.91305 43
1729091495074 0.9913 44
1729091498937 0.90921 45
1729091502754 0.94906 46
1729091505634 0.86985 47
1729091509521 0.89728 48
1729091512424 0.8776 49
