1729090901674 6.000000000000001e-05 0
1729090906213 0.000137228 1
1729090909897 0.000211288 2
1729090913875 0.00028218 3
1729090917748 0.000349904 4
1729090920730 0.00041446 5
1729090923649 0.00047584799999999996 6
1729090927922 0.0005340680000000001 7
1729090930877 0.00058912 8
1729090934891 0.0006410040000000001 9
1729090937502 0.0006897200000000001 10
1729090940626 0.0007352680000000001 11
1729090943300 0.000777648 12
1729090946341 0.0008168600000000001 13
1729090948926 0.000852904 14
1729090951986 0.00088578 15
1729090954565 0.0009154879999999999 16
1729090958067 0.0009420279999999998 17
1729090961067 0.0009654000000000002 18
1729090964929 0.000985604 19
1729090967528 0.0010026400000000002 20
1729090970379 0.0010165080000000002 21
1729090973835 0.0010272080000000002 22
1729090976875 0.0010347400000000001 23
1729090981143 0.0010391040000000001 24
1729090984080 0.00101 25
1729090987899 0.0009704 26
1729090990503 0.0009308 27
1729090993536 0.0008911999999999999 28
1729090996178 0.0008516000000000001 29
1729091000061 0.0008120000000000001 30
1729091003018 0.0007724 31
1729091007402 0.0007328 32
1729091010346 0.0006931999999999999 33
1729091014770 0.0006536 34
1729091017708 0.0006140000000000001 35
1729091022437 0.0005744000000000001 36
1729091025443 0.0005348000000000001 37
1729091028276 0.0004952 38
1729091031588 0.00045559999999999996 39
1729091036313 0.0004159999999999999 40
1729091039154 0.00037640000000000015 41
1729091041781 0.0003368000000000001 42
1729091044375 0.0002972 43
1729091047863 0.00025760000000000003 44
1729091051697 0.00021799999999999996 45
1729091054580 0.00017839999999999992 46
1729091058716 0.0001388000000000001 47
1729091062556 9.920000000000008e-05 48
1729091065481 5.9600000000000046e-05 49
